layer number:3, size of W is 375 * 256
layer number:3, size of W is 256 * 256
layer number:3, size of W is 256 * 256
Total number of Parameters:  230924
Confusion Matrix:
 [[408   0   0   0   0   0   0   0   0   0   0   0]
 [  0 307  11  10   9  14   6  10  16   1   6  18]
 [  0   9 377   6   1   4  17   1   0   0   0   4]
 [  0   9   5 332   1  13   5   0   0   0   1  39]
 [  0  11   1   3 364   2   1   5   8  10  14   6]
 [  0  19   7  25   1 328   4   1   2   0   4  15]
 [  0   9  19   5   2   1 355  16   0   1   2   2]
 [  0  17   0   0   3   0  10 356   4   2   0   4]
 [  0   9   0   1   2  14   2   0 344  20   1   3]
 [  0   8   0   0  12   1   7   2  11 351   3   7]
 [  0   2   0   3  17   6   3   1   1   4 371   3]
 [  0  11   2  47   7   7   4   1   1   2   1 319]]
Final test accuracy = 86.13% (N=4890)
