layer number:3, size of W is 300 * 144
layer number:3, size of W is 144 * 144
layer number:3, size of W is 144 * 144
Total number of Parameters:  86844
Confusion Matrix:
 [[408   0   0   0   0   0   0   0   0   0   0   0]
 [  0 281  13  10   8  22   8  15  16   6  11  18]
 [  0   9 372   5   1   2  23   0   1   0   2   4]
 [  1  13   3 310   2  22   9   1   2   0   2  40]
 [  0   8   1   3 358   1   3   4  11  12  17   7]
 [  0  13   2  29   2 333   3   0   3   1   2  18]
 [  0   8  26   5   2   4 343  16   2   2   1   3]
 [  1  14   1   2   3   1   5 360   1   6   0   2]
 [  0  15   0   1   4   9   0   2 336  25   2   2]
 [  1   8   1   3  12   0   6   1  15 348   3   4]
 [  0   8   0   1  13   2   3   0   2   3 372   7]
 [  0  17   2  66  11  15   6   1   2   0   4 278]]
Final test accuracy = 83.82% (N=4890)
