layer number:3, size of W is 240 * 256
layer number:3, size of W is 256 * 256
layer number:3, size of W is 256 * 256
Total number of Parameters:  196364
Confusion Matrix:
 [[408   0   0   0   0   0   0   0   0   0   0   0]
 [  0 304   7  14   6  12   7  16  13   3   9  17]
 [  0  10 385   1   1   2  12   2   0   0   2   4]
 [  0  10   3 323   4  19   3   0   0   0   1  42]
 [  0   7   0   2 368   3   2   4  10  13  10   6]
 [  0  14   6  18   3 342   4   0   1   1   6  11]
 [  0   8  19   4   3   1 365   6   0   1   1   4]
 [  0  24   1   1   2   3  13 347   1   0   1   3]
 [  0  10   1   0   9  11   1   1 341  19   1   2]
 [  0  13   0   2  22   2   3   0  11 338   1  10]
 [  0   6   0   9  10   4   0   0   1   5 374   2]
 [  0  20   2  61   9   7   2   2   0   0   0 299]]
Final test accuracy = 85.77% (N=4890)
