layer number:3, size of W is 960 * 144
layer number:3, size of W is 144 * 144
layer number:3, size of W is 144 * 144
Total number of Parameters:  181884
Confusion Matrix:
 [[408   0   0   0   0   0   0   0   0   0   0   0]
 [  0 284  11  14   7  19   5  21   9   5  11  22]
 [  0   6 377   4   2   3  17   1   0   0   3   6]
 [  0  14   9 300   1  19   8   1   2   0   1  50]
 [  0   8   1   3 364   4   1   3   9  12  10  10]
 [  0  20   5  30   3 317   2   1   2   0  10  16]
 [  0  10  24   1   4   3 341  22   1   0   4   2]
 [  0  18   1   3   2   1  10 352   2   3   2   2]
 [  0  25   1   1   6   6   1   0 334  19   1   2]
 [  0  13   0   0  16   0   5   2  19 334   3  10]
 [  0  12   2   4  14   2   0   2   0   4 363   8]
 [  0  26   0  47   6   7   3   5   0   1   1 306]]
Final test accuracy = 83.44% (N=4890)
