layer number:3, size of W is 480 * 144
layer number:3, size of W is 144 * 144
layer number:3, size of W is 144 * 144
Total number of Parameters:  112764
Confusion Matrix:
 [[408   0   0   0   0   0   0   0   0   0   0   0]
 [  0 297   8  13   7  14   7  16  14   4   6  22]
 [  0  12 380   6   0   4  11   2   0   1   1   2]
 [  1   9   6 317   0  23   7   0   0   0   1  41]
 [  0   8   1   2 360   6   3   2  10  13  13   7]
 [  1  12   5  34   1 326   5   0   0   1   5  16]
 [  0   9  23   2   3   4 354  10   1   2   2   2]
 [  0  14   0   2   2   0  10 359   2   4   0   3]
 [  0  14   0   0   4   7   0   1 352  16   1   1]
 [  1  11   0   4  14   0   6   2  16 340   2   6]
 [  0   8   0   6  16   5   0   1   1   2 365   7]
 [  0  13   1  41   7  10   4   3   1   1   3 318]]
Final test accuracy = 85.40% (N=4890)
