layer number:3, size of W is 240 * 144
layer number:3, size of W is 144 * 144
layer number:3, size of W is 144 * 144
Total number of Parameters:  78204
Confusion Matrix:
 [[408   0   0   0   0   0   0   0   0   0   0   0]
 [  1 288   6  21   5  17   4  13  20   4   9  20]
 [  0  12 372   8   1   3  14   1   0   0   2   6]
 [  0  13   4 307   3  28   4   0   0   0   4  42]
 [  0   8   2   2 362   3   4   2  10   9  14   9]
 [  0  18   6  25   0 330   3   2   2   2   3  15]
 [  0   7  23   2   5   3 348  13   1   3   4   3]
 [  0  22   2   2   2   2  13 344   0   5   1   3]
 [  0  14   0   1   3  14   1   1 334  26   1   1]
 [  0   6   0   4  18   1   5   4  13 342   3   6]
 [  0   7   1   0  17   4   1   1   2   3 366   9]
 [  0  18   2  62   6  14   5   4   2   3   2 284]]
Final test accuracy = 83.54% (N=4890)
