layer number:3, size of W is 500 * 256
layer number:3, size of W is 256 * 256
layer number:3, size of W is 256 * 256
Total number of Parameters:  262924
Confusion Matrix:
 [[408   0   0   0   0   0   0   0   0   0   0   0]
 [  0 306   8  10   8  18   7  10  18   3   7  13]
 [  0   9 387   5   1   2  10   0   1   0   1   3]
 [  0   8   3 324   1  27   6   0   0   0   0  36]
 [  0   6   1   1 367   5   1   4   9  12  15   4]
 [  0  15   3  19   5 340   3   0   2   0   4  15]
 [  0   8  15   4   6   3 353  17   2   2   1   1]
 [  0  13   2   0   3   1  10 361   3   2   0   1]
 [  0  15   0   0   0   9   0   0 346  21   2   3]
 [  0   7   2   1  17   2   3   2  13 346   4   5]
 [  0   4   0   3  10   2   4   0   2   3 373  10]
 [  0  14   1  49   9   9   3   1   3   1   6 306]]
Final test accuracy = 86.24% (N=4890)
