layer number:3, size of W is 375 * 144
layer number:3, size of W is 144 * 144
layer number:3, size of W is 144 * 144
Total number of Parameters:  97644
Confusion Matrix:
 [[408   0   0   0   0   0   0   0   0   0   0   0]
 [  0 290   8  10   6  27   8  12  15   4   7  21]
 [  0  11 380   6   1   5  14   1   0   0   0   1]
 [  0  12   3 301   1  32   6   1   0   0   2  47]
 [  0  11   1   2 360   2   1   5  14  13  12   4]
 [  0  10   4  26   2 328   4   2   1   4   5  20]
 [  0   6  20   4   4   1 345  22   1   4   2   3]
 [  0  16   2   1   5   2  11 351   3   4   0   1]
 [  1  13   0   0   6  14   1   1 336  16   5   3]
 [  0  10   0   2  16   0   6   2  18 339   4   5]
 [  0   9   0   1  19   1   2   0   0   3 366  10]
 [  0  11   2  57  11  12   3   3   0   0   5 298]]
Final test accuracy = 83.89% (N=4890)
