layer number:3, size of W is 300 * 256
layer number:3, size of W is 256 * 256
layer number:3, size of W is 256 * 256
Total number of Parameters:  211724
Confusion Matrix:
 [[408   0   0   0   0   0   0   0   0   0   0   0]
 [  0 313   7  13   8  21   3   6  10   2  10  15]
 [  0  13 379   6   2   2  15   0   0   0   1   1]
 [  0   8   4 331   1  21   2   1   0   0   0  37]
 [  0  10   0   2 361   4   3   3  12  14  10   6]
 [  0  16   7  23   1 337   1   1   4   0   4  12]
 [  0   5  22   4   6   3 350  15   0   4   2   1]
 [  0  19   0   2   2   1  10 356   2   3   0   1]
 [  0  20   0   0   2   8   0   2 343  19   1   1]
 [  0  11   0   1  11   1   6   2  10 349   2   9]
 [  0   6   1   3  18   2   3   2   3   3 366   4]
 [  0  14   0  60   2  16   6   2   2   1   2 297]]
Final test accuracy = 85.69% (N=4890)
