layer number:3, size of W is 450 * 144
layer number:3, size of W is 144 * 144
layer number:3, size of W is 144 * 144
Total number of Parameters:  108444
Confusion Matrix:
 [[408   0   0   0   0   0   0   0   0   0   0   0]
 [  0 288  12  11   9  19   5  19  12   3   4  26]
 [  1  10 382   5   0   3  11   0   0   0   2   5]
 [  0   9   7 313   1  26   4   1   0   0   3  41]
 [  0   9   0   2 365   5   1   2  13  16   9   3]
 [  0  17   5  36   3 320   3   0   1   1   6  14]
 [  0   9  25   2   6   5 347  11   0   3   1   3]
 [  0  21   2   2   1   1   9 353   2   2   1   2]
 [  0  17   0   1   5  10   1   2 339  17   2   2]
 [  0  14   1   0  20   0   8   1  13 341   1   3]
 [  0   9   1   3  24   4   4   0   2   1 359   4]
 [  0  18   5  49   5  14   5   2   2   1   1 300]]
Final test accuracy = 84.15% (N=4890)
