layer number:3, size of W is 240 * 436
layer number:3, size of W is 436 * 436
layer number:3, size of W is 436 * 436
Total number of Parameters:  491384
Confusion Matrix:
 [[408   0   0   0   0   0   0   0   0   0   0   0]
 [  0 332   5  11   3  20   3   6   8   1   6  13]
 [  0  11 381   3   0   4  14   1   0   0   0   5]
 [  0  13   3 333   0  21   5   0   0   1   1  28]
 [  0   7   0   1 367   3   1   1  15  14  11   5]
 [  0  15   2  18   2 346   1   2   2   2   6  10]
 [  0  11  15   1   3   2 365   8   0   1   2   4]
 [  0  12   0   0   1   4  11 360   3   1   0   4]
 [  0  12   0   0   3  11   0   2 347  18   0   3]
 [  0  11   0   0  11   2   1   0  11 357   1   8]
 [  0   7   0   1  10   3   0   0   2   4 374  10]
 [  0  16   1  53   5   7   3   2   2   2   1 310]]
Final test accuracy = 87.53% (N=4890)
