layer number:3, size of W is 250 * 256
layer number:3, size of W is 256 * 256
layer number:3, size of W is 256 * 256
Total number of Parameters:  198924
Confusion Matrix:
 [[408   0   0   0   0   0   0   0   0   0   0   0]
 [  0 308   7  15   7  20   3  14   9   4   7  14]
 [  0   9 382   8   2   3  10   2   0   1   0   2]
 [  0  13   1 331   0  16   7   1   0   0   3  33]
 [  0  11   0   2 370   3   2   1   8  13   9   6]
 [  0  17   5  28   4 331   1   2   1   0   1  16]
 [  0   9  16   4   0   1 359  16   2   2   2   1]
 [  0  15   0   3   2   0  12 355   2   2   0   5]
 [  0  11   0   0   5   8   0   2 347  22   1   0]
 [  0   7   1   4  15   0   7   2  15 343   1   7]
 [  0   8   0   5  19   0   1   0   0   2 370   6]
 [  0  15   2  59   6   7   4   1   1   3   2 302]]
Final test accuracy = 86.01% (N=4890)
