layer number:3, size of W is 250 * 436
layer number:3, size of W is 436 * 436
layer number:3, size of W is 436 * 436
Total number of Parameters:  495744
Confusion Matrix:
 [[408   0   0   0   0   0   0   0   0   0   0   0]
 [  0 307  12  10   4  19   6  14  13   4   6  13]
 [  0  12 385   1   1   3  14   2   0   0   0   1]
 [  0  13   1 338   1  17   6   0   0   0   2  27]
 [  0  11   0   1 366   7   0   2   7  12  12   7]
 [  0  17   5  20   1 335   3   3   7   0   3  12]
 [  0   6  18   1   6   1 363  15   0   0   2   0]
 [  0  11   0   1   4   1  12 361   3   2   0   1]
 [  0  10   0   0   2  12   2   1 353  16   0   0]
 [  0   7   0   1  17   0   5   2  10 351   3   6]
 [  0   5   0   1  13   1   2   2   2   1 382   2]
 [  0  14   1  57   6  12   3   3   2   0   2 302]]
Final test accuracy = 86.93% (N=4890)
