layer number:3, size of W is 500 * 144
layer number:3, size of W is 144 * 144
layer number:3, size of W is 144 * 144
Total number of Parameters:  115644
Confusion Matrix:
 [[408   0   0   0   0   0   0   0   0   0   0   0]
 [  0 289   7  12   6  18  12  16  12   0   9  27]
 [  1  12 384   2   0   3  15   1   0   0   0   1]
 [  0   5   3 318   2  27   5   3   1   0   1  40]
 [  0  12   1   1 355   3   6   0  12  12  17   6]
 [  0  20   5  30   2 313   4   2   4   0   7  19]
 [  0   5  25   1   2   3 355  13   2   3   2   1]
 [  0  16   1   3   2   2   4 355   4   4   0   5]
 [  1  15   0   0   4  14   2   2 335  20   2   1]
 [  0  12   1   4  14   0   5   2  11 345   1   7]
 [  0   4   0   4  13   3   3   1   0   4 372   7]
 [  0  19   3  53  13  10   6   0   1   3   3 291]]
Final test accuracy = 84.25% (N=4890)
