layer number:3, size of W is 450 * 256
layer number:3, size of W is 256 * 256
layer number:3, size of W is 256 * 256
Total number of Parameters:  250124
Confusion Matrix:
 [[408   0   0   0   0   0   0   0   0   0   0   0]
 [  0 317   9  12   5  17   6  13  10   1   7  11]
 [  0  11 383   5   0   5  12   1   0   0   0   2]
 [  0  14   4 317   3  24   4   1   0   0   1  37]
 [  0  10   0   2 368   3   1   1   6  17  12   5]
 [  0  22   4  21   1 332   4   0   4   0   4  14]
 [  0  13  15   6   4   4 351  10   1   3   2   3]
 [  0  16   2   1   2   2   8 358   2   1   2   2]
 [  0  21   1   0   3   7   1   0 345  16   0   2]
 [  0   8   0   3  16   2   6   1  14 348   1   3]
 [  0   5   0   2  13   5   0   0   2   4 378   2]
 [  0  14   3  59   7   6   4   2   3   0   4 300]]
Final test accuracy = 85.99% (N=4890)
