layer number:3, size of W is 250 * 144
layer number:3, size of W is 144 * 144
layer number:3, size of W is 144 * 144
Total number of Parameters:  79644
Confusion Matrix:
 [[408   0   0   0   0   0   0   0   0   0   0   0]
 [  0 297   9  14   5  23   7  19  10   7   2  15]
 [  0   8 382   4   0   3  16   3   0   0   0   3]
 [  0   7   7 306   1  29   6   2   0   1   0  46]
 [  0  11   1   5 344   5   2   5   7  21  19   5]
 [  0  20   6  29   3 321   3   4   2   1   2  15]
 [  0   7  24   3   5   1 347  13   0   4   3   5]
 [  0  18   0   1   2   3  11 348   3   5   0   5]
 [  0  14   0   0   2  12   1   1 341  23   1   1]
 [  0   6   1   0  17   4   8   5   9 341   4   7]
 [  0  12   0   3  13   2   3   0   1   4 364   9]
 [  0  19   0  58   7  16   4   3   0   4   4 287]]
Final test accuracy = 83.56% (N=4890)
