layer number:3, size of W is 720 * 144
layer number:3, size of W is 144 * 144
layer number:3, size of W is 144 * 144
Total number of Parameters:  147324
Confusion Matrix:
 [[408   0   0   0   0   0   0   0   0   0   0   0]
 [  0 288  10  12   7  21   8  18  16   3   3  22]
 [  0  11 377   3   0   4  20   1   0   1   1   1]
 [  0  15   6 302   1  29   7   0   0   0   0  45]
 [  0  10   1   1 366   6   1   5   6  16   9   4]
 [  0  23   9  29   3 317   5   0   2   0   4  14]
 [  0  12  25   5   3   2 350   9   0   1   1   4]
 [  0  25   2   2   1   2   8 347   2   3   1   3]
 [  0  23   0   1   3  11   0   5 335  16   2   0]
 [  0   9   1   2  18   1   8   2  22 326   4   9]
 [  0   6   0   4  14   3   2   1   1   2 371   7]
 [  0  15   3  55   7  13   7   1   0   2   3 296]]
Final test accuracy = 83.50% (N=4890)
