**** INPUT: Time and Frequency *****
T * F:[98 * 40] 

**** Filter Size AND Channel *****
Size:[98 * 5], COUNT:49

**** STRIDE INFO *****
Size:[4 * 1]

**** Count CONV Numbers ****
1764
******************
First FC Size:[1764, 128]

******************
Second FC Size:[128, 128]

******************
Last FC Size:[128, 12]

Total number of Parameters:  268039
Confusion Matrix:
 [[408   0   0   0   0   0   0   0   0   0   0   0]
 [  0 248  20  19  13  31  11  16  16   4  14  16]
 [  0  10 377   8   2   2  12   1   0   0   2   5]
 [  0  15   3 292   4  33   9   2   3   1   0  43]
 [  0  12   2   5 358   4   3   0   3  11  16  11]
 [  0  22   8  27   8 304   9   0   5   0   8  15]
 [  0  11  22   3   5   1 350  13   2   3   1   1]
 [  0  29   3   1   3   2  13 339   3   3   0   0]
 [  0  22   0   2  14   9   3   3 322  12   6   3]
 [  1  12   3   4  19   2   7   3  20 326   3   2]
 [  0  13   3   7  18   7   5   1   3   3 348   3]
 [  0  24   0  71  12  13   6   4   2   3  10 257]]
Final test accuracy = 80.35% (N=4890)
