**** INPUT: Time and Frequency *****
T * F:[98 * 40] 

**** Filter Size AND Channel *****
Size:[98 * 5], COUNT:124

**** STRIDE INFO *****
Size:[4 * 1]

**** Count CONV Numbers ****
4464
******************
First FC Size:[4464, 128]

******************
Second FC Size:[128, 128]

******************
Last FC Size:[128, 12]

Total number of Parameters:  650464
Confusion Matrix:
 [[408   0   0   0   0   0   0   0   0   0   0   0]
 [  0 274  10  14   6  22  15  15  15   2   9  26]
 [  0  14 377   9   0   2  10   1   0   1   1   4]
 [  0  13   1 290   2  35  10   2   2   0   2  48]
 [  0  16   0   4 355   6   4   1   6  14   9  10]
 [  0  25   2  40   2 308   7   1   4   1   2  14]
 [  0  12  12   1   4   1 368   5   1   4   2   2]
 [  0  29   0   1   3   0  18 340   3   1   0   1]
 [  0  20   0   1  10  11   0   1 336  11   3   3]
 [  1  11   1   2  13   0  10   1  14 342   3   4]
 [  0  15   5   3  26   6   1   0   1   5 343   6]
 [  0  27   1  60   7  13   4   3   3   4   6 274]]
Final test accuracy = 82.11% (N=4890)
