**** INPUT: Time and Frequency *****
T * F:[98 * 40] 

**** Filter Size AND Channel *****
Size:[98 * 2], COUNT:7

**** STRIDE INFO *****
Size:[4 * 1]

**** Count CONV Numbers ****
273
******************
First FC Size:[273, 128]

******************
Second FC Size:[128, 128]

******************
Last FC Size:[128, 12]

Total number of Parameters:  54511
Confusion Matrix:
 [[408   0   0   0   0   0   0   0   0   0   0   0]
 [  2 135  33  31  17  50  16  25  24  13  19  43]
 [  1  21 302  11   7   6  29  30   1   4   5   2]
 [  0  23  14 192   8  49   9   4  20   5   9  72]
 [  1  13   2  20 223  21  35   2  19  26  43  20]
 [  1  32   4  44  11 229   3   5  38   3  10  26]
 [  1  21  37  15  20   4 261  32   5  11   4   1]
 [  1  29  34  14   8  11  23 249   8   9   1   9]
 [  0  18   2  19  23  38   6   4 250   8  10  18]
 [  1   6   8  11  46   6  36  13  33 219  13  10]
 [  1  28   5  11  43  23   1   1   6   7 273  12]
 [  1  33   3  72  14  28   2   3  17  14   9 206]]
Final test accuracy = 60.27% (N=4890)
