**** INPUT: Time and Frequency *****
T * F:[98 * 40] 

**** Filter Size AND Channel *****
Size:[98 * 5], COUNT:7

**** STRIDE INFO *****
Size:[4 * 1]

**** Count CONV Numbers ****
252
******************
First FC Size:[252, 128]

******************
Second FC Size:[128, 128]

******************
Last FC Size:[128, 12]

Total number of Parameters:  53881
Confusion Matrix:
 [[408   0   0   0   0   0   0   0   0   0   0   0]
 [  1 143  30  26  14  49  13  40  22  11  28  31]
 [  1  29 307  14   7   4  41   9   2   1   4   0]
 [  1  23   9 182   8  62  11   3  13   1  10  82]
 [  1  12   6  20 256  10  20   7  20  23  38  12]
 [  1  37   8  34  14 234   9   8  27   1  11  22]
 [  0  16  50   9  12   2 284  30   1   4   2   2]
 [  0  25  18   5  12   9  27 278   7   9   4   2]
 [  1  25   4   9  19  32   3  14 242  21  19   7]
 [  1   9   7   9  28   3  36  16  33 241  15   4]
 [  1  25   6   9  29  26   4   3   2   8 269  29]
 [  2  34   2  78  13  30   5   5   5   4  16 208]]
Final test accuracy = 62.41% (N=4890)
