**** INPUT: Time and Frequency *****
T * F:[98 * 40] 

**** Filter Size AND Channel *****
Size:[98 * 4], COUNT:145

**** STRIDE INFO *****
Size:[4 * 1]

**** Count CONV Numbers ****
5365
******************
First FC Size:[5365, 128]

******************
Second FC Size:[128, 128]

******************
Last FC Size:[128, 12]

Total number of Parameters:  761893
Confusion Matrix:
 [[408   0   0   0   0   0   0   0   0   0   0   0]
 [  0 275   9  12   6  29  13  17  12   2  13  20]
 [  0  10 391   4   1   2   5   2   1   0   0   3]
 [  0  15   1 287   4  41   7   2   2   2   1  43]
 [  0   8   0   2 359  13   3   0   6  10  16   8]
 [  0  23   4  33   2 317   4   1   2   0   6  14]
 [  0  13  20   0   6   2 359   8   0   3   0   1]
 [  0  17   1   0   1   3  11 356   3   2   0   2]
 [  0  23   0   0  11  15   0   6 321  13   7   0]
 [  0  11   0   0  26   2   9   1  19 330   2   2]
 [  0  13   2   1  22   8   2   0   1   3 354   5]
 [  0  29   1  63  10  16   5   3   1   4  10 260]]
Final test accuracy = 82.15% (N=4890)
