**** INPUT: Time and Frequency *****
T * F:[98 * 40] 

**** Filter Size AND Channel *****
Size:[98 * 5], COUNT:145

**** STRIDE INFO *****
Size:[2 * 1]

**** Count CONV Numbers ****
5220
******************
First FC Size:[5220, 128]

******************
Second FC Size:[128, 128]

******************
Last FC Size:[128, 12]

Total number of Parameters:  757543
Confusion Matrix:
 [[408   0   0   0   0   0   0   0   0   0   0   0]
 [  0 282   7  13   6  19  13  13  17   5   8  25]
 [  0  10 380  10   0   6   7   0   2   1   1   2]
 [  0  14   0 293   2  31   7   1   3   1   3  50]
 [  0  14   1   5 351   8   4   0   5  14  12  11]
 [  0  19   1  27   4 329   4   0   3   2   3  14]
 [  0  15  14   2   5   5 350   7   0   8   3   3]
 [  0  29   0   0   1   2  15 344   3   0   0   2]
 [  0  20   1   1   6   8   1   3 333  16   2   5]
 [  0  10   0   1  15   5   7   3  10 345   2   4]
 [  0  12   2   3  16   8   3   1   1   4 353   8]
 [  0  18   1  54   5  15   3   6   2   5   4 289]]
Final test accuracy = 82.97% (N=4890)
