**** INPUT: Time and Frequency *****
T * F:[98 * 40] 

**** Filter Size AND Channel *****
Size:[98 * 4], COUNT:145

**** STRIDE INFO *****
Size:[2 * 1]

**** Count CONV Numbers ****
5365
******************
First FC Size:[5365, 128]

******************
Second FC Size:[128, 128]

******************
Last FC Size:[128, 12]

Total number of Parameters:  761893
Confusion Matrix:
 [[408   0   0   0   0   0   0   0   0   0   0   0]
 [  1 288  10   7   5  28  12  13  11   3  11  19]
 [  0  15 384   4   0   2   8   1   0   0   1   4]
 [  0  16   0 298   2  29   9   4   2   2   3  40]
 [  0  12   2   4 359   8   4   1   5   9  14   7]
 [  0  29   2  35   8 306   4   1   4   0   4  13]
 [  0   9  17   2   7   2 359   8   0   4   0   4]
 [  0  18   4   0   2   2  22 340   4   2   0   2]
 [  0  24   1   1   5  14   0   6 325  16   2   2]
 [  1  16   0   3  17   0   4   2  10 344   1   4]
 [  0  21   1   2  18   3   4   1   0   3 350   8]
 [  0  31   2  61  10  18   2   2   2   5   8 261]]
Final test accuracy = 82.25% (N=4890)
