**** INPUT: Time and Frequency *****
T * F:[98 * 40] 

**** Filter Size AND Channel *****
Size:[98 * 4], COUNT:124

**** STRIDE INFO *****
Size:[2 * 1]

**** Count CONV Numbers ****
4588
******************
First FC Size:[4588, 128]

******************
Second FC Size:[128, 128]

******************
Last FC Size:[128, 12]

Total number of Parameters:  654184
Confusion Matrix:
 [[408   0   0   0   0   0   0   0   0   0   0   0]
 [  1 261  11  18   4  23   9  21  15   6  12  27]
 [  0  12 373   9   0   2  16   3   1   0   0   3]
 [  0  14   0 301   2  31   8   1   2   1   3  42]
 [  0  12   0   8 346   6   3   1   6  15  19   9]
 [  0  17   1  48   2 309   4   2   4   0   6  13]
 [  0  14   9   2  10   2 358  12   0   3   0   2]
 [  0  18   1   0   1   2  16 351   3   1   0   3]
 [  0  24   2   1   9  10   0   4 329  13   3   1]
 [  1   9   0   1  19   3   6   2  19 334   4   4]
 [  0  15   3   1  23   7   6   0   2   3 344   7]
 [  0  22   1  56  10  16   6   6   4   5   8 268]]
Final test accuracy = 81.43% (N=4890)
