**** INPUT: Time and Frequency *****
T * F:[98 * 40] 

**** Filter Size AND Channel *****
Size:[98 * 4], COUNT:7

**** STRIDE INFO *****
Size:[4 * 1]

**** Count CONV Numbers ****
259
******************
First FC Size:[259, 128]

******************
Second FC Size:[128, 128]

******************
Last FC Size:[128, 12]

Total number of Parameters:  54091
Confusion Matrix:
 [[408   0   0   0   0   0   0   0   0   0   0   0]
 [  1 151  34  34  16  41  11  35  30  12   9  34]
 [  2  31 289  16   5   7  26  26   3   2   6   6]
 [  1  37  10 171   9  63   6   5  22   2  13  66]
 [  1   5   3  17 265  11  30   3  14  23  41  12]
 [  0  37   5  37  19 232   3   8  28   0  19  18]
 [  1  31  42  11  20   8 238  26   6  10  10   9]
 [  1  33  10   6  13   7  18 286  11   4   0   7]
 [  1  16   1  14  18  26   5   8 263  23   8  13]
 [  1   7   2   7  44   1  26  22  39 233  12   8]
 [  0  19  12  15  42  30   5   1   3   8 252  24]
 [  1  36   4  62  13  29   3   5  12   6  15 216]]
Final test accuracy = 61.43% (N=4890)
