**** INPUT: Time and Frequency *****
T * F:[98 * 40] 

**** Filter Size AND Channel *****
Size:[98 * 5], COUNT:25

**** STRIDE INFO *****
Size:[2 * 1]

**** Count CONV Numbers ****
900
******************
First FC Size:[900, 128]

******************
Second FC Size:[128, 128]

******************
Last FC Size:[128, 12]

Total number of Parameters:  145663
Confusion Matrix:
 [[408   0   0   0   0   0   0   0   0   0   0   0]
 [  0 223  22  28  10  39  11  16  13  10   9  27]
 [  1  20 360  17   4   1  10   1   0   1   2   2]
 [  0  18   9 272   5  33   5   0   2   2   4  55]
 [  0  15   0   5 328   8   8   0   6  16  22  17]
 [  0  30   7  43  10 284   6   1   3   0   8  14]
 [  0  20  27   4  11   3 315  21   1   5   2   3]
 [  0  32   1   1  10   1  22 316   5   4   1   3]
 [  0  34   0   2  19  19   2   9 286  21   3   1]
 [  1   7   1   2  27   0  14  12  22 306   4   6]
 [  0  16   3   3  48   9   3   1   2   0 320   6]
 [  0  35   2  79   9  15   2   1   3   3   5 248]]
Final test accuracy = 74.97% (N=4890)
