**** INPUT: Time and Frequency *****
T * F:[98 * 40] 

**** Filter Size AND Channel *****
Size:[98 * 4], COUNT:25

**** STRIDE INFO *****
Size:[2 * 1]

**** Count CONV Numbers ****
925
******************
First FC Size:[925, 128]

******************
Second FC Size:[128, 128]

******************
Last FC Size:[128, 12]

Total number of Parameters:  146413
Confusion Matrix:
 [[408   0   0   0   0   0   0   0   0   0   0   0]
 [  1 226  13  20   9  29  16  29  17   8  14  26]
 [  0  22 357   8   3   5  17   3   1   1   2   0]
 [  0  24   5 254   5  46   5   4   1   0   3  58]
 [  0  10   1   4 336   9  12   5   3  11  19  15]
 [  0  39   2  37  10 278   3   2   6   0   8  21]
 [  1  21  23   3   9   3 319  16   4   7   2   4]
 [  0  26   2   3   4   3  24 314   9   5   4   2]
 [  0  26   0   3   9  20   2   4 305  21   4   2]
 [  1  12   1   4  29   1  17   8  29 294   3   3]
 [  0  30   4   4  21   6   7   0   2   4 315  18]
 [  0  31   2  58   8  12   5   1   2   5   8 270]]
Final test accuracy = 75.17% (N=4890)
