**** INPUT: Time and Frequency *****
T * F:[98 * 40] 

**** Filter Size AND Channel *****
Size:[98 * 5], COUNT:145

**** STRIDE INFO *****
Size:[4 * 1]

**** Count CONV Numbers ****
5220
******************
First FC Size:[5220, 128]

******************
Second FC Size:[128, 128]

******************
Last FC Size:[128, 12]

Total number of Parameters:  757543
Confusion Matrix:
 [[408   0   0   0   0   0   0   0   0   0   0   0]
 [  0 265   8  15   7  24  10  16  21   5  17  20]
 [  0  16 367   9   2   7  11   1   0   0   0   6]
 [  0  15   0 299   3  38   4   3   2   0   1  40]
 [  0  14   0   4 367   6   3   1   6   8   9   7]
 [  0  23   1  30   2 318   5   0   3   0   4  20]
 [  0  16  12   2   9   5 354  11   1   1   1   0]
 [  0  21   3   0   2   2  14 348   4   1   0   1]
 [  0  21   0   0   7  18   1   3 328  10   4   4]
 [  1   9   0   2  18   1  11   3  14 332   5   6]
 [  0  13   1   4  25   8   0   1   2   1 352   4]
 [  0  23   0  59  11  17   3   7   3   2   6 271]]
Final test accuracy = 81.98% (N=4890)
