**** INPUT: Time and Frequency *****
T * F:[98 * 40] 

**** Filter Size AND Channel *****
Size:[98 * 2], COUNT:124

**** STRIDE INFO *****
Size:[2 * 1]

**** Count CONV Numbers ****
4836
******************
First FC Size:[4836, 128]

******************
Second FC Size:[128, 128]

******************
Last FC Size:[128, 12]

Total number of Parameters:  661624
Confusion Matrix:
 [[408   0   0   0   0   0   0   0   0   0   0   0]
 [  0 243  10  14   6  26  18  23  22   7  15  24]
 [  0  22 358   4   3   4  15  11   0   1   0   1]
 [  0  17   2 283   2  35   9   5   7   3   1  41]
 [  0   6   1   6 356   8   1   2   5  12  20   8]
 [  0  19   2  40   4 299   7   2  10   2   6  15]
 [  0  12  17   0   7   1 355  11   2   5   1   1]
 [  0  18   6   1   1   5  27 333   3   0   0   2]
 [  0  19   1   6   8  14   1   2 320  14   4   7]
 [  1   7   0   7  20   1   9   2  26 312  12   5]
 [  0  13   1   1  17   1   3   3   2   4 359   7]
 [  0  33   0  55   7  18   3   9   8   5  11 253]]
Final test accuracy = 79.33% (N=4890)
