**** INPUT: Time and Frequency *****
T * F:[98 * 40] 

**** Filter Size AND Channel *****
Size:[98 * 5], COUNT:7

**** STRIDE INFO *****
Size:[2 * 1]

**** Count CONV Numbers ****
252
******************
First FC Size:[252, 128]

******************
Second FC Size:[128, 128]

******************
Last FC Size:[128, 12]

Total number of Parameters:  53881
Confusion Matrix:
 [[408   0   0   0   0   0   0   0   0   0   0   0]
 [  1 145  32  22  14  45  15  55  22   9  16  32]
 [  1  23 300  15   3   0  32  27   1   6   3   8]
 [  1  31  12 200   3  38  13   9   8   2   5  83]
 [  2  14   0  23 227  11  24   7  16  26  54  21]
 [  0  31   1  36  10 241  13  11  21   2  17  23]
 [  0  25  38  12  10   3 292  20   5   3   1   3]
 [  0  27  15  11  15   9  17 280   8   4   2   8]
 [  2  37   0   6  27  26   7   8 249  16  10   8]
 [  1   4  14  10  31   5  28  23  24 245   7  10]
 [  0  20   3  11  28  19   4   2  13  10 281  20]
 [  0  37   7  76   6  32   2   5   6   3  20 208]]
Final test accuracy = 62.90% (N=4890)
