**** INPUT: Time and Frequency *****
T * F:[98 * 40] 

**** Filter Size AND Channel *****
Size:[98 * 5], COUNT:98

**** STRIDE INFO *****
Size:[4 * 1]

**** Count CONV Numbers ****
3528
******************
First FC Size:[3528, 128]

******************
Second FC Size:[128, 128]

******************
Last FC Size:[128, 12]

Total number of Parameters:  517890
Confusion Matrix:
 [[408   0   0   0   0   0   0   0   0   0   0   0]
 [  0 270  11  20  10  16  13  13  13   6  14  22]
 [  0   9 380   3   1   2  12   1   0   0   4   7]
 [  0  14   5 296   4  30   7   4   2   0   2  41]
 [  0  14   0   2 349  12   8   1   2  11  15  11]
 [  0  24   2  31   4 316   7   0   2   1   1  18]
 [  0  16  18   2   1   5 353  10   0   5   0   2]
 [  0  17   1   3   2   1  18 345   5   1   0   3]
 [  0  32   0   0   8  14   0   1 322  10   6   3]
 [  1  12   0   5  11   0   6   3  18 336   7   3]
 [  0  16   1   4  18   4   3   1   3   0 356   5]
 [  0  27   0  62   4  15   3   4   2   1   8 276]]
Final test accuracy = 81.94% (N=4890)
