**** INPUT: Time and Frequency *****
T * F:[98 * 40] 

**** Filter Size AND Channel *****
Size:[98 * 2], COUNT:7

**** STRIDE INFO *****
Size:[2 * 1]

**** Count CONV Numbers ****
273
******************
First FC Size:[273, 128]

******************
Second FC Size:[128, 128]

******************
Last FC Size:[128, 12]

Total number of Parameters:  54511
Confusion Matrix:
 [[408   0   0   0   0   0   0   0   0   0   0   0]
 [  1 122  40  44  14  50  17  35  27  12   8  38]
 [  1  18 285  13   9   5  42  28   3   5   2   8]
 [  0  24  10 208   7  52  16   3  17   3   5  60]
 [  1  13   5  27 240  10  36   7  16  22  28  20]
 [  0  33   8  51  11 223  13   6  35   1   6  19]
 [  1  16  44  14  17   4 269  28   1   9   1   8]
 [  1  23  28  14  10  11  22 264  11   4   2   6]
 [  2  18   0  15  31  34   4  11 244  10   6  21]
 [  1   4  13  13  33   4  36  17  26 238   6  11]
 [  0  25   7  12  42  33   3   1   8  14 255  11]
 [  1  33   4  78  14  34   3   8  11   9   6 201]]
Final test accuracy = 60.47% (N=4890)
