**** INPUT: Time and Frequency *****
T * F:[98 * 40] 

**** Filter Size AND Channel *****
Size:[98 * 4], COUNT:25

**** STRIDE INFO *****
Size:[4 * 1]

**** Count CONV Numbers ****
925
******************
First FC Size:[925, 128]

******************
Second FC Size:[128, 128]

******************
Last FC Size:[128, 12]

Total number of Parameters:  146413
Confusion Matrix:
 [[408   0   0   0   0   0   0   0   0   0   0   0]
 [  1 218  13  26  10  35  15  21  19   5  22  23]
 [  0  16 363   9   2   2  16   1   1   1   2   6]
 [  0  17   7 265   6  39   9   1   3   2   1  55]
 [  0  18   3  12 301  17  11   2   4  19  27  11]
 [  0  24   3  43   8 282   4   5   4   0  14  19]
 [  1  13  29   3   7   1 336  10   2   6   3   1]
 [  1  26   2   4   3   2  29 311   4   9   2   3]
 [  0  28   1   0   7  17   2   5 306  18   6   6]
 [  0   8   2   0  25   3  14   7  22 307  10   4]
 [  0  27   5   3  26   7   4   1   2   4 327   5]
 [  0  34   4  59  11  23   3   1   0   4  12 251]]
Final test accuracy = 75.15% (N=4890)
