**** INPUT: Time and Frequency *****
T * F:[98 * 40] 

**** Filter Size AND Channel *****
Size:[98 * 4], COUNT:49

**** STRIDE INFO *****
Size:[2 * 1]

**** Count CONV Numbers ****
1813
******************
First FC Size:[1813, 128]

******************
Second FC Size:[128, 128]

******************
Last FC Size:[128, 12]

Total number of Parameters:  269509
Confusion Matrix:
 [[408   0   0   0   0   0   0   0   0   0   0   0]
 [  0 249  14  10  11  27  11  16  22   7  17  24]
 [  0  14 376   9   3   2  11   2   0   0   1   1]
 [  0  21   1 282   6  41   7   3   4   1   4  35]
 [  0   9   1   1 348   8   7   1   7  12  22   9]
 [  0  34   2  27   6 307   4   2   6   0   6  12]
 [  0  14  25   2   4   2 345  13   0   6   0   1]
 [  0  22   0   0   3   2  19 338   6   3   0   3]
 [  0  22   0   0  10  16   1   1 322  11   9   4]
 [  1   8   0   1  18   0   8   2  27 328   4   5]
 [  0  19   3   3  27  12   3   1   0   4 337   2]
 [  0  27   1  79  12  28   5   4   3   2  12 229]]
Final test accuracy = 79.12% (N=4890)
