**** INPUT: Time and Frequency *****
T * F:[98 * 40] 

**** Filter Size AND Channel *****
Size:[98 * 4], COUNT:124

**** STRIDE INFO *****
Size:[4 * 1]

**** Count CONV Numbers ****
4588
******************
First FC Size:[4588, 128]

******************
Second FC Size:[128, 128]

******************
Last FC Size:[128, 12]

Total number of Parameters:  654184
Confusion Matrix:
 [[408   0   0   0   0   0   0   0   0   0   0   0]
 [  0 269  11  14   3  32  12  19  17   2   6  23]
 [  0   5 386   5   0   4   9   0   1   0   1   8]
 [  0  15   1 285   3  56   8   1   2   2   3  29]
 [  0  13   0   4 347  13   5   1   5  16  11  10]
 [  0  18   2  31   4 332   8   1   1   0   4   5]
 [  0  13  15   1   5   2 360   9   0   6   0   1]
 [  0  21   2   1   2   4  18 342   3   1   1   1]
 [  0  16   0   0   6  13   0   6 335  10   6   4]
 [  0   8   0   0  14   3   8   5  17 339   1   7]
 [  0  18   1   1  15   7   4   1   1   4 354   5]
 [  0  28   1  63   5  24   5   3   3   2   5 263]]
Final test accuracy = 82.21% (N=4890)
