**** INPUT: Time and Frequency *****
T * F:[98 * 40] 

**** Filter Size AND Channel *****
Size:[98 * 2], COUNT:49

**** STRIDE INFO *****
Size:[2 * 1]

**** Count CONV Numbers ****
1911
******************
First FC Size:[1911, 128]

******************
Second FC Size:[128, 128]

******************
Last FC Size:[128, 12]

Total number of Parameters:  272449
Confusion Matrix:
 [[408   0   0   0   0   0   0   0   0   0   0   0]
 [  1 224  15  23  14  35  14  20  22   7  14  19]
 [  0  17 365   8   1   0  19   5   2   1   0   1]
 [  0  17   3 278   7  36   7   6  11   2   2  36]
 [  0   7   0  11 340   9   5   0   5  12  24  12]
 [  0  21   2  50   4 290   4   4  10   3   5  13]
 [  0  14  27   2   7   1 340  12   3   3   0   3]
 [  0  25   7   4   0   7  25 317   2   4   0   5]
 [  0  19   0   8  11  15   1   0 318  10   6   8]
 [  1   9   1   6  25   3   9   2  23 311   6   6]
 [  0  19   3   3  31   9   3   3   1   1 336   2]
 [  0  30   3  77   9  22   5   5   5   4   6 236]]
Final test accuracy = 76.95% (N=4890)
