**** INPUT: Time and Frequency *****
T * F:[98 * 40] 

**** Filter Size AND Channel *****
Size:[98 * 4], COUNT:186

**** STRIDE INFO *****
Size:[2 * 1]

**** Count CONV Numbers ****
6882
******************
First FC Size:[6882, 128]

******************
Second FC Size:[128, 128]

******************
Last FC Size:[128, 12]

Total number of Parameters:  972182
Confusion Matrix:
 [[408   0   0   0   0   0   0   0   0   0   0   0]
 [  0 285  11  18   3  14   7  21  15   0   9  25]
 [  0  10 376   3   0   2  15   3   0   0   0  10]
 [  0  24   0 289   2  31   7   3   1   0   3  45]
 [  0   9   0   5 359   9   5   1   7   9  13   8]
 [  0  22   4  36   4 311   3   2   4   0   1  19]
 [  0  13  14   1   7   1 361   6   1   5   1   2]
 [  0  18   0   1   1   2  12 357   2   0   1   2]
 [  0  22   0   2  12  12   0   1 337   7   0   3]
 [  0   9   0   1  23   3   8   3  20 332   0   3]
 [  0  19   1   0  21   3   3   0   2   3 355   4]
 [  0  24   2  50  15  13   5   4   3   1   3 282]]
Final test accuracy = 82.86% (N=4890)
