**** INPUT: Time and Frequency *****
T * F:[98 * 40] 

**** Filter Size AND Channel *****
Size:[98 * 2], COUNT:145

**** STRIDE INFO *****
Size:[4 * 1]

**** Count CONV Numbers ****
5655
******************
First FC Size:[5655, 128]

******************
Second FC Size:[128, 128]

******************
Last FC Size:[128, 12]

Total number of Parameters:  770593
Confusion Matrix:
 [[408   0   0   0   0   0   0   0   0   0   0   0]
 [  1 234  11  17   6  27  16  33  16   5  16  26]
 [  0  24 359   7   2   4  13   8   1   0   0   1]
 [  0  20   4 267   6  41   8   5   2   4   0  48]
 [  0   7   0   9 343   9   6   2   5  15  18  11]
 [  0  25   2  41   5 307   3   5   5   1   0  12]
 [  0  12  17   2   4   1 344  20   2   7   1   2]
 [  0  21   6   1   1   4  18 336   4   1   0   4]
 [  0  26   0   0  10  18   2   6 305  15   5   9]
 [  0   8   0   9  16   2   7   1  19 330   4   6]
 [  0  18   3   5  23  12   4   3   1   5 329   8]
 [  0  28   0  58   9  18   3   8   4   3   6 265]]
Final test accuracy = 78.26% (N=4890)
