**** INPUT: Time and Frequency *****
T * F:[98 * 40] 

**** Filter Size AND Channel *****
Size:[98 * 5], COUNT:49

**** STRIDE INFO *****
Size:[2 * 1]

**** Count CONV Numbers ****
1764
******************
First FC Size:[1764, 128]

******************
Second FC Size:[128, 128]

******************
Last FC Size:[128, 12]

Total number of Parameters:  268039
Confusion Matrix:
 [[408   0   0   0   0   0   0   0   0   0   0   0]
 [  0 244  15  23   6  30  11  16  20   5  18  20]
 [  0  15 367   9   3   7  12   1   0   0   1   4]
 [  0  13  10 285   6  29   4   3   4   2   5  44]
 [  0   9   0   4 348   8   9   1   8  10  19   9]
 [  0  30   3  25   8 305   8   3   3   0   5  16]
 [  0  15  21   2   7   1 350   8   1   6   0   1]
 [  0  21   0   0   8   0  27 332   5   3   0   0]
 [  0  31   0   0   9  13   0   3 324   9   5   2]
 [  1  11   0   0  30   3   8   5  14 325   3   2]
 [  0  14   1   3  22   4   5   0   2   3 350   7]
 [  0  22   2  72   8  17   4   2   4   1  13 257]]
Final test accuracy = 79.65% (N=4890)
