**** INPUT: Time and Frequency *****
T * F:[98 * 40] 

**** Filter Size AND Channel *****
Size:[98 * 4], COUNT:49

**** STRIDE INFO *****
Size:[4 * 1]

**** Count CONV Numbers ****
1813
******************
First FC Size:[1813, 128]

******************
Second FC Size:[128, 128]

******************
Last FC Size:[128, 12]

Total number of Parameters:  269509
Confusion Matrix:
 [[408   0   0   0   0   0   0   0   0   0   0   0]
 [  1 224  17  21  17  25  13  24  17  11  17  21]
 [  0  14 368   6   2   3  19   4   0   1   0   2]
 [  0  17   0 299   9  27   8   2   2   1   5  35]
 [  0  13   1   3 357   9   5   0   2  11  19   5]
 [  0  24   5  37   5 301   7   3   1   1   9  13]
 [  0  11  20   3   8   1 350  11   0   7   1   0]
 [  1  20   3   0   3   2  23 335   3   4   1   1]
 [  0  21   0   0  13  15   2   7 313  16   5   4]
 [  0  11   0   1  15   3  12   2  14 337   6   1]
 [  0  12   4   3  26   2   5   0   2   3 350   4]
 [  0  36   4  76   9  18   5   3   2   3  14 232]]
Final test accuracy = 79.22% (N=4890)
