**** INPUT: Time and Frequency *****
T * F:[98 * 40] 

**** Filter Size AND Channel *****
Size:[98 * 4], COUNT:7

**** STRIDE INFO *****
Size:[2 * 1]

**** Count CONV Numbers ****
259
******************
First FC Size:[259, 128]

******************
Second FC Size:[128, 128]

******************
Last FC Size:[128, 12]

Total number of Parameters:  54091
Confusion Matrix:
 [[408   0   0   0   0   0   0   0   0   0   0   0]
 [  0 140  31  29  24  56  14  29  20   8  24  33]
 [  3  24 304  16   2   4  36  20   1   4   1   4]
 [  2  22   4 204  18  57   8   2  16   1  11  60]
 [  1   9   2  19 248  18  24   6  18  23  38  19]
 [  0  41   1  51  13 216  12  12  19   1  15  25]
 [  1  22  46  11  12   5 271  20   6   8   2   8]
 [  0  22  19  14  15   7  24 278   9   4   0   4]
 [  1  22   0  16  27  32   1  12 241  17  13  14]
 [  1   5   5  14  51   2  19  18  27 243   6  11]
 [  0  23   7  22  26  31   7   2   4   6 257  26]
 [  0  33   2  89  15  33   2  10   9   7   8 194]]
Final test accuracy = 61.43% (N=4890)
