**** INPUT: Time and Frequency *****
T * F:[98 * 40] 

**** Filter Size AND Channel *****
Size:[98 * 2], COUNT:49

**** STRIDE INFO *****
Size:[4 * 1]

**** Count CONV Numbers ****
1911
******************
First FC Size:[1911, 128]

******************
Second FC Size:[128, 128]

******************
Last FC Size:[128, 12]

Total number of Parameters:  272449
Confusion Matrix:
 [[408   0   0   0   0   0   0   0   0   0   0   0]
 [  1 216  19  20   7  41  16  23  18  10  18  19]
 [  1  20 360   0   3   3  17  10   0   1   0   4]
 [  0  20   3 275   5  40   7   3   6   2   3  41]
 [  0   9   0   4 348   8   6   0   4  10  21  15]
 [  0  25   2  39   6 300   5   1   7   1   6  14]
 [  0  11  28   1   7   0 341  15   1   4   1   3]
 [  0  23   9   1   1   6  27 321   4   2   0   2]
 [  0  28   0   6  13  19   2   4 289  14   8  13]
 [  1   9   2   7  24   0  13   4  18 315   6   3]
 [  0  14   2   2  25   6   5   2   2   4 341   8]
 [  0  31   0  69  10  28   1   5   4   3   8 243]]
Final test accuracy = 76.83% (N=4890)
