**** INPUT: Time and Frequency *****
T * F:[98 * 40] 

**** Filter Size AND Channel *****
Size:[98 * 5], COUNT:124

**** STRIDE INFO *****
Size:[2 * 1]

**** Count CONV Numbers ****
4464
******************
First FC Size:[4464, 128]

******************
Second FC Size:[128, 128]

******************
Last FC Size:[128, 12]

Total number of Parameters:  650464
Confusion Matrix:
 [[408   0   0   0   0   0   0   0   0   0   0   0]
 [  0 264   9  15   7  19  13  24  18   5  14  20]
 [  0  11 380   4   1   5  10   2   0   0   1   5]
 [  0  15   0 295   3  35   8   4   2   1   3  39]
 [  0  13   1   8 348   8   2   3   6  13  14   9]
 [  0  24   1  30   4 321   5   1   3   0   6  11]
 [  0  12  17   1   3   4 364   7   1   1   1   1]
 [  0  17   1   1   1   3  20 348   2   1   1   1]
 [  0  24   1   0   8  13   1   5 321  17   3   3]
 [  1   9   1   4   9   1   6   1  14 352   3   1]
 [  0  13   2   1  23   8   4   0   2   3 350   5]
 [  0  26   4  68   5  16   3   2   2   1   9 266]]
Final test accuracy = 82.15% (N=4890)
