**** INPUT: Time and Frequency *****
T * F:[98 * 40] 

**** Filter Size AND Channel *****
Size:[98 * 5], COUNT:25

**** STRIDE INFO *****
Size:[4 * 1]

**** Count CONV Numbers ****
900
******************
First FC Size:[900, 128]

******************
Second FC Size:[128, 128]

******************
Last FC Size:[128, 12]

Total number of Parameters:  145663
Confusion Matrix:
 [[408   0   0   0   0   0   0   0   0   0   0   0]
 [  0 213  15  22   8  31  18  22  22   6  26  25]
 [  0  19 364   8   2   2  15   4   0   1   1   3]
 [  0  17   6 269   5  36  10   1   3   1   6  51]
 [  0  20   5   8 293   5  17   5   5  23  29  15]
 [  0  26   5  26   6 294   9   4   9   1  12  14]
 [  0  11  29   1   7   3 329  19   3   8   0   2]
 [  0  25   2   1   6   1  18 334   2   6   0   1]
 [  0  22   0   4  11  12   3   6 314  15   5   4]
 [  1  12   1   3  26   1  13  14  17 304   6   4]
 [  0  15   2   3  22   5   5   1   1   5 344   8]
 [  0  27   5  68   8  16   6   3   3   2   8 256]]
Final test accuracy = 76.11% (N=4890)
