**** INPUT: Time and Frequency *****
T * F:[98 * 40] 

**** Filter Size AND Channel *****
Size:[98 * 4], COUNT:98

**** STRIDE INFO *****
Size:[4 * 1]

**** Count CONV Numbers ****
3626
******************
First FC Size:[3626, 128]

******************
Second FC Size:[128, 128]

******************
Last FC Size:[128, 12]

Total number of Parameters:  520830
Confusion Matrix:
 [[408   0   0   0   0   0   0   0   0   0   0   0]
 [  0 259  12  20   4  32  17  18  13   4  11  18]
 [  0  10 379  10   0   3   7   4   1   2   1   2]
 [  0  16   1 289   2  39   7   3   2   2   1  43]
 [  0  10   0   1 355  10   5   2   6  10  17   9]
 [  0  21   2  27   5 320   7   1   4   0   4  15]
 [  0  14  18   2   5   2 356   9   1   3   1   1]
 [  0  16   2   0   3   2  19 348   3   2   1   0]
 [  0  24   0   0   5  16   0   4 327  11   6   3]
 [  0  11   0   1  15   8   7   0  18 336   1   5]
 [  0  14   3   0  20  12   7   0   0   1 343  11]
 [  0  26   1  57  11  20   3   2   2   4   8 268]]
Final test accuracy = 81.55% (N=4890)
