**** INPUT: Time and Frequency *****
T * F:[98 * 40] 

**** Filter Size AND Channel *****
Size:[98 * 4], COUNT:186

**** STRIDE INFO *****
Size:[4 * 1]

**** Count CONV Numbers ****
6882
******************
First FC Size:[6882, 128]

******************
Second FC Size:[128, 128]

******************
Last FC Size:[128, 12]

Total number of Parameters:  972182
Confusion Matrix:
 [[408   0   0   0   0   0   0   0   0   0   0   0]
 [  1 262  12   9   6  23  14  23  17   2  14  25]
 [  0  10 376   6   2   6  16   1   0   0   0   2]
 [  0  19   2 282   3  27   5   4   4   2   4  53]
 [  0  11   1   3 358   3   3   1   7   9  14  15]
 [  0  19   3  26   6 320   7   1   5   0   4  15]
 [  0   8  20   1   4   0 367   4   0   2   1   5]
 [  0  18   2   0   2   2  20 347   2   1   0   2]
 [  0  24   0   0   8  11   1   2 334   9   3   4]
 [  0   6   0   3  25   1  10   4  15 330   1   7]
 [  0  16   1   2  22   3   4   1   2   1 351   8]
 [  0  25   2  41  11   8   6   2   2   2   8 295]]
Final test accuracy = 82.41% (N=4890)
