**** INPUT: Time and Frequency *****
T * F:[98 * 40] 

**** Filter Size AND Channel *****
Size:[98 * 2], COUNT:25

**** STRIDE INFO *****
Size:[2 * 1]

**** Count CONV Numbers ****
975
******************
First FC Size:[975, 128]

******************
Second FC Size:[128, 128]

******************
Last FC Size:[128, 12]

Total number of Parameters:  147913
Confusion Matrix:
 [[408   0   0   0   0   0   0   0   0   0   0   0]
 [  1 199  21  20  12  35  18  31  22   6  17  26]
 [  1  26 347   3   1   3  20  15   0   1   0   2]
 [  0  23   7 249  14  35   8   3  13   1   3  49]
 [  0   9   1   5 334   9  10   2   8  11  24  12]
 [  0  23   7  39   9 271  12   3  15   2  12  13]
 [  0  12  35   1   6   1 325  16   4   8   1   3]
 [  1  21   7   3   4   3  34 314   2   6   0   1]
 [  0  22   0   7  16  18   1   4 302  10   6  10]
 [  1   3   4   6  32   4  20   6  30 283   8   5]
 [  0  20   3   4  44   5   5   3   2   5 315   5]
 [  0  27   2  78   9  22   5   3   6   6   3 241]]
Final test accuracy = 73.37% (N=4890)
