**** INPUT: Time and Frequency *****
T * F:[98 * 40] 

**** Filter Size AND Channel *****
Size:[98 * 2], COUNT:98

**** STRIDE INFO *****
Size:[2 * 1]

**** Count CONV Numbers ****
3822
******************
First FC Size:[3822, 128]

******************
Second FC Size:[128, 128]

******************
Last FC Size:[128, 12]

Total number of Parameters:  526710
Confusion Matrix:
 [[408   0   0   0   0   0   0   0   0   0   0   0]
 [  1 243  15  19   5  31  11  16  20   4  16  27]
 [  0  16 369   5   3   4  11   6   0   1   0   4]
 [  0  21   5 283   3  31   5   6   5   3   0  43]
 [  0   6   0   8 345  10   3   1   7  13  20  12]
 [  0  25   1  42   0 301   7   2  10   3   7   8]
 [  0  11  25   1   6   0 342  17   3   4   1   2]
 [  0  26   7   0   2   5  27 323   2   0   1   3]
 [  0  27   1   5  10  18   1   1 307  11   5  10]
 [  0   8   3   5  24   1   7   3  21 316   8   6]
 [  0  17   1   3  19   8   2   1   2   2 352   4]
 [  0  31   1  67   7  15   5   5   6   4   5 256]]
Final test accuracy = 78.63% (N=4890)
