**** INPUT: Time and Frequency *****
T * F:[98 * 40] 

**** Filter Size AND Channel *****
Size:[98 * 2], COUNT:98

**** STRIDE INFO *****
Size:[4 * 1]

**** Count CONV Numbers ****
3822
******************
First FC Size:[3822, 128]

******************
Second FC Size:[128, 128]

******************
Last FC Size:[128, 12]

Total number of Parameters:  526710
Confusion Matrix:
 [[408   0   0   0   0   0   0   0   0   0   0   0]
 [  0 241  10  11   8  24  17  25  18   7  21  26]
 [  0  14 361   7   2   4  19   7   1   2   0   2]
 [  0  22   3 261   6  37   5   6   9   4   1  51]
 [  0   3   0   9 354   8   5   2   3  12  20   9]
 [  0  21   3  34   4 306   4   5  10   1   5  13]
 [  0  10  19   0   8   2 342  21   0   7   1   2]
 [  0  19   5   1   1   5  22 336   4   1   0   2]
 [  0  22   0   5  10  16   0   3 309  12   5  14]
 [  1   7   2   4  22   1   6   2  16 331   7   3]
 [  0  10   1   2  35   8   5   0   0   3 343   4]
 [  0  31   2  48   5  21   4   8   3   7   7 266]]
Final test accuracy = 78.90% (N=4890)
