**** INPUT: Time and Frequency *****
T * F:[98 * 40] 

**** Filter Size AND Channel *****
Size:[98 * 2], COUNT:186

**** STRIDE INFO *****
Size:[4 * 1]

**** Count CONV Numbers ****
7254
******************
First FC Size:[7254, 128]

******************
Second FC Size:[128, 128]

******************
Last FC Size:[128, 12]

Total number of Parameters:  983342
Confusion Matrix:
 [[408   0   0   0   0   0   0   0   0   0   0   0]
 [  1 255  10  21   8  28  14  21  13   3  13  21]
 [  0  21 362   2   2   3  15  10   1   0   1   2]
 [  0  20   2 273   4  47   7   3   8   2   2  37]
 [  0   5   1   0 360   8   2   1   6  10  17  15]
 [  0  20   2  26   1 322   6   1   5   3   5  15]
 [  0  21  17   0   6   2 346  12   0   4   2   2]
 [  0  20   3   1   3   6  26 333   1   1   0   2]
 [  0  28   0   3   7  18   1   1 306  13   5  14]
 [  0   5   0   6  23   1  11   3  24 311  10   8]
 [  0  19   1   2  18   8   3   1   0   4 347   8]
 [  0  30   1  68   9  20   4   8   5   2   7 248]]
Final test accuracy = 79.16% (N=4890)
