**** INPUT: Time and Frequency *****
T * F:[98 * 40] 

**** Filter Size AND Channel *****
Size:[98 * 2], COUNT:186

**** STRIDE INFO *****
Size:[2 * 1]

**** Count CONV Numbers ****
7254
******************
First FC Size:[7254, 128]

******************
Second FC Size:[128, 128]

******************
Last FC Size:[128, 12]

Total number of Parameters:  983342
Confusion Matrix:
 [[408   0   0   0   0   0   0   0   0   0   0   0]
 [  1 247   7  17   7  28  13  26  22   6  16  18]
 [  0  23 354   4   1   5  16   8   1   1   1   5]
 [  0  14   1 294   3  35   9   4   3   3   2  37]
 [  0   7   0   4 346  16   4   3   5  12  18  10]
 [  0  16   1  34   1 326   4   4   5   1   2  12]
 [  0   9  20   0   2   3 345  23   3   3   1   3]
 [  0  22   4   2   0   6  21 335   2   1   2   1]
 [  0  23   1   2   7  18   1   5 313   9   3  14]
 [  0  10   1   6  17   1   7   3  21 322  10   4]
 [  0  15   1   2  19   8   3   5   0   5 349   4]
 [  0  32   2  61   7  23   3   6   2   6   8 252]]
Final test accuracy = 79.57% (N=4890)
