**** INPUT: Time and Frequency *****
T * F:[98 * 40] 

**** Filter Size AND Channel *****
Size:[98 * 2], COUNT:145

**** STRIDE INFO *****
Size:[2 * 1]

**** Count CONV Numbers ****
5655
******************
First FC Size:[5655, 128]

******************
Second FC Size:[128, 128]

******************
Last FC Size:[128, 12]

Total number of Parameters:  770593
Confusion Matrix:
 [[408   0   0   0   0   0   0   0   0   0   0   0]
 [  1 250   8  26   9  22  11  21  22   4   9  25]
 [  0  24 354   5   2   6  16   9   0   1   0   2]
 [  0  18   4 291   3  29   5   5   5   3   1  41]
 [  0   8   0   6 345  13   4   1   4  12  18  14]
 [  0  18   0  47   2 303   6   2   9   1   2  16]
 [  0  12  18   1   6   2 345  20   1   3   0   4]
 [  0  20   4   3   1   3  20 335   4   2   0   4]
 [  0  16   0   4   8  15   2   1 321  13   6  10]
 [  0   4   0   7  25   2  10   3  23 315   7   6]
 [  0  19   0   2  18  10   3   3   0   3 347   6]
 [  0  23   0  72   7  14   4   8   7   4   5 258]]
Final test accuracy = 79.18% (N=4890)
