**** INPUT: Time and Frequency *****
T * F:[98 * 40] 

**** Filter Size AND Channel *****
Size:[98 * 2], COUNT:124

**** STRIDE INFO *****
Size:[4 * 1]

**** Count CONV Numbers ****
4836
******************
First FC Size:[4836, 128]

******************
Second FC Size:[128, 128]

******************
Last FC Size:[128, 12]

Total number of Parameters:  661624
Confusion Matrix:
 [[408   0   0   0   0   0   0   0   0   0   0   0]
 [  1 251  13  15   5  27  14  24  17   4  19  18]
 [  0  24 362   2   3   1  11   7   1   0   3   5]
 [  0  30   2 280   3  37   8   5   7   2   1  30]
 [  0   5   0   3 350  10   2   4   5  14  22  10]
 [  0  21   2  34   1 306   4   4  13   1   6  14]
 [  0  11  19   1   9   2 347  16   2   2   2   1]
 [  0  27   3   1   1   4  24 329   3   0   2   2]
 [  0  23   0   4  12  15   0   3 312  14   6   7]
 [  1  10   0   4  24   1   8   2  21 320   5   6]
 [  0  18   1   3  20   6   5   1   1   3 351   2]
 [  0  33   3  73   6  20   4   6   4   5  10 238]]
Final test accuracy = 78.81% (N=4890)
