**** INPUT: Time and Frequency *****
T * F:[98 * 40] 

**** Filter Size AND Channel *****
Size:[98 * 2], COUNT:25

**** STRIDE INFO *****
Size:[4 * 1]

**** Count CONV Numbers ****
975
******************
First FC Size:[975, 128]

******************
Second FC Size:[128, 128]

******************
Last FC Size:[128, 12]

Total number of Parameters:  147913
Confusion Matrix:
 [[408   0   0   0   0   0   0   0   0   0   0   0]
 [  0 188  25  22  11  39  15  34  28   4  17  25]
 [  0  24 340   7   4   4  19  15   0   0   1   5]
 [  0  19   5 256   7  48   6   3   9   2   4  46]
 [  0   4   1  17 308  11  10   5   7  17  23  22]
 [  0  21   4  38   7 287   4   5  16   1   3  20]
 [  0   7  39   3   9   1 320  20   2   7   1   3]
 [  0  24  15   5   2   7  34 291   9   7   0   2]
 [  0  19   0  10   8  20   3   7 300   7   8  14]
 [  1   5   3   8  29   6  10   9  27 291  10   3]
 [  0  24   1   3  33  11   2   3   2   5 321   6]
 [  0  29   2  76   7  28   3   4   7   5   9 232]]
Final test accuracy = 72.43% (N=4890)
