**** INPUT: Time and Frequency *****
T * F:[98 * 40] 

**** Filter Size AND Channel *****
Size:[98 * 5], COUNT:98

**** STRIDE INFO *****
Size:[2 * 1]

**** Count CONV Numbers ****
3528
******************
First FC Size:[3528, 128]

******************
Second FC Size:[128, 128]

******************
Last FC Size:[128, 12]

Total number of Parameters:  517890
Confusion Matrix:
 [[408   0   0   0   0   0   0   0   0   0   0   0]
 [  0 276  10  17   7  13  13  18  19   1  12  22]
 [  0  19 371   4   1   4  16   3   0   1   0   0]
 [  0  16   2 304   4  22   6   1   2   1   4  43]
 [  0  13   0   4 350   4   6   3   6  11  19   9]
 [  0  35   0  38   1 300   8   2   3   0   4  15]
 [  0  16  17   1   3   1 360   5   1   2   3   3]
 [  0  28   0   0   3   2  14 344   2   1   0   2]
 [  0  25   0   1   8  10   2   0 330  12   5   3]
 [  1   9   0   1  19   0   8   2  10 344   1   7]
 [  0  10   1   1  20   3   3   1   3   2 360   7]
 [  0  25   0  65   8   8   4   7   3   2   5 275]]
Final test accuracy = 82.25% (N=4890)
